              precision    recall  f1-score   support

    airplane     0.9375    0.9150    0.9261      1000
  automobile     0.9624    0.9730    0.9677      1000
        bird     0.9359    0.8910    0.9129      1000
         cat     0.8751    0.8200    0.8467      1000
        deer     0.9182    0.9430    0.9304      1000
         dog     0.8628    0.8990    0.8805      1000
        frog     0.9254    0.9670    0.9457      1000
       horse     0.9664    0.9490    0.9576      1000
        ship     0.9452    0.9650    0.9550      1000
       truck     0.9494    0.9560    0.9527      1000

    accuracy                         0.9278     10000
   macro avg     0.9278    0.9278    0.9275     10000
weighted avg     0.9278    0.9278    0.9275     10000
