              precision    recall  f1-score   support

    airplane     0.5907    0.6120    0.6012      1000
  automobile     0.6764    0.6460    0.6609      1000
        bird     0.4528    0.3930    0.4208      1000
         cat     0.3672    0.4270    0.3948      1000
        deer     0.4722    0.4250    0.4474      1000
         dog     0.4375    0.4550    0.4461      1000
        frog     0.6437    0.5420    0.5885      1000
       horse     0.6124    0.6430    0.6273      1000
        ship     0.6065    0.7090    0.6538      1000
       truck     0.6141    0.6000    0.6070      1000

    accuracy                         0.5452     10000
   macro avg     0.5474    0.5452    0.5448     10000
weighted avg     0.5474    0.5452    0.5448     10000
